.Random.seed <-
c(403L, 248L, -286957752L, 669467470L, -2058934839L, 259294364L, 
-770957357L, -1588184737L, 313101689L, 1602793973L, 964225257L, 
1420658380L, -835026833L, 1709654598L, -1680474353L, -375580756L, 
6662425L, 1171423115L, -1525923406L, -420439681L, 2044764281L, 
-1312935795L, -177878101L, -1143226593L, 2050230565L, -2052794333L, 
-191992345L, 1016874987L, 1542649315L, 1676872662L, 551384295L, 
1635453301L, -471660737L, -363233954L, -515665498L, 1455011046L, 
-1555316096L, 1207704100L, -1395431671L, 1852503823L, -243711755L, 
630488885L, -2120724844L, 687916702L, 141081880L, -1956965134L, 
1621050962L, 1991275281L, -1742206411L, -1677035951L, 1305040297L, 
1414190297L, -1393798235L, 1091423310L, -961522946L, -500365190L, 
444694368L, -1539211279L, -319305076L, 1185385982L, 491383155L, 
-1992062541L, -1554625217L, -1011355062L, -1781605596L, -917490923L, 
-1713771929L, 1039355057L, 2045932799L, 607585275L, 1569034940L, 
-1389260466L, -1174727745L, 1961949527L, -2094992481L, -516664241L, 
-701738393L, 488338825L, -1955607415L, -753109430L, 931618462L, 
474586393L, -612624167L, 863021707L, -1448208663L, -1162946825L, 
-723727198L, 2008681950L, 81174148L, -199220015L, -1867021823L, 
-891948922L, -1588901991L, -294415184L, -1900147807L, 1862217034L, 
1031308368L, -858427469L, -428901659L, -1208092937L, -1737445916L, 
-263079031L, 160251282L, 711808563L, 585276756L, 13033492L, 1082337464L, 
1137391394L, 660710563L, -1514146697L, -1358538018L, 364706988L, 
932499670L, 1780382953L, -783511908L, 2052957949L, 1992596212L, 
1760842683L, -1007022913L, -1979572986L, -1693884840L, -911651537L, 
-1793072840L, -1054150472L, -148308620L, -925577523L, -2058741951L, 
-682517540L, 1610425654L, -2068456666L, 1585523088L, 496765610L, 
-803826582L, 1377096493L, 1864942400L, 521430074L, -2101736197L, 
921400177L, -544515097L, 621492558L, -2085744454L, -1258471141L, 
295793530L, -527849989L, -350661307L, 2059029689L, 442730528L, 
825214615L, 2131915310L, 251380382L, -960444934L, -1598644120L, 
-1100109759L, 1717332707L, -1860788357L, -1353168469L, 1955470186L, 
-697092095L, -968532568L, 1627262118L, 1343678739L, 149376034L, 
-1751047798L, -677754924L, 1337726831L, 893914371L, -864039010L, 
-933685174L, 554865737L, -1125225465L, -657703598L, -82325426L, 
-1051789415L, 1600702573L, -1702764801L, -1853645400L, 1768394493L, 
-777127435L, 1602035115L, -344616825L, -1575562438L, -212230927L, 
2041764011L, 61860495L, 1013811392L, 2134667443L, -1643809856L, 
318274770L, -486076355L, 236297468L, -772054366L, 854640078L, 
-1112153636L, 550935160L, 503202872L, -1079917519L, 15066037L, 
-1687874874L, 1857871143L, 1649909272L, 1356290253L, 2115050028L, 
791677754L, -2065105645L, 718475717L, 913764482L, -1838349628L, 
1195995738L, 1301752314L, 799944830L, 517299300L, 1490909109L, 
-123402905L, 1127565750L, -2097224861L, 1831483986L, 417734510L, 
-1832808134L, -1383032526L, 1365695532L, -1036349921L, -137508381L, 
1966364474L, 483235182L, 301440064L, -108990557L, 132153900L, 
1737567958L, -568476776L, -677556818L, -645515047L, -973318875L, 
-143513794L, -543939759L, -675031852L, 718698278L, -1096995519L, 
1170733979L, -1151900355L, -1372457918L, 606538172L, 1541247171L, 
-495956290L, -1646494599L, -1049022638L, -1509656198L, 735504926L, 
532746256L, 746211975L, 1498482663L, 1543664833L, -1464773366L, 
-1266897694L, 756357834L, -1306949710L, -603660134L, -540284497L, 
-1071082859L, 1501993288L, 235469785L, 1995239415L, -344855175L, 
-210732516L, 283251218L, 1480385087L, 1449839708L, 567390617L, 
1213575559L, 1814431383L, -1556449448L, -1883325772L, -1582249054L, 
-460711695L, -1898849988L, 2080271229L, 1486822451L, -528001649L, 
-635083315L, -1445984951L, -1472235923L, -815573942L, 1221384244L, 
437945078L, -271760607L, 289299423L, 1011585592L, -754564814L, 
1072187574L, -1099056468L, 1071029626L, 514722861L, -696528538L, 
2010142938L, -1716126428L, 1771344172L, -418970730L, -1823150821L, 
961709927L, 1836778642L, 1790125279L, -2054011209L, -1523285126L, 
-1513357493L, 2034399752L, 439979635L, 1586759645L, 959638132L, 
1485803715L, -75950172L, -455212370L, 542505392L, 1329821130L, 
739555485L, 98423780L, 933629887L, 853611339L, -872243360L, 897582660L, 
-966332336L, -1210388479L, 570594321L, 1944994961L, -1066896412L, 
1394776899L, 752391114L, -1731331222L, -1907914458L, -711212821L, 
-1184747586L, -1612001718L, -2116878353L, 685490225L, 681007818L, 
373221222L, 1173788744L, 970031171L, -51002745L, 1467749595L, 
-1031984879L, 1621905476L, 242723765L, 1905997159L, 658226908L, 
-320271087L, -1245049528L, 1668749576L, -1562623200L, -108014824L, 
1845966823L, 1873309519L, -1058749590L, 1285597413L, 1967151969L, 
-1614684414L, -1965792235L, -1730137949L, -818627322L, -720551074L, 
-1112638254L, -42891786L, 436006744L, -1150229399L, 1395002523L, 
-530669387L, 205740685L, 1157647557L, -537584748L, -1258158671L, 
1476707294L, 669540237L, -1147804367L, 1734442238L, 367848218L, 
-1416724412L, -1517836173L, 410825321L, 62028175L, -1735820989L, 
1428987414L, 1409497519L, -1216070726L, -17204870L, 172536175L, 
-2069241387L, -135517813L, -1218221483L, 1613711569L, -1389246448L, 
378232469L, 1971109385L, 1703681819L, -645437737L, -1012274881L, 
-1333784514L, -494817480L, -935057792L, 991147033L, 462024646L, 
1095150515L, 825616359L, -2049875757L, -776255110L, -491711292L, 
-333662158L, 1117580693L, 1811236021L, 578901496L, -949890254L, 
-1305967996L, 1123533820L, -893943251L, -1476403336L, 1716248025L, 
-50877370L, -1631346447L, -1335654145L, 413989396L, 1563672236L, 
-499031752L, -285110199L, -1198981864L, 463210648L, -696789519L, 
-1764075489L, 2078152771L, 1234661435L, -821941339L, -935819598L, 
-1578073685L, 1394461942L, -507093382L, -945698861L, 1350410163L, 
1395671399L, -1254223129L, 1825019160L, -2103144164L, 19187460L, 
2095154529L, 1523369031L, -630538947L, 142922874L, 1407853284L, 
1397438052L, -1448225504L, 128316936L, 579104529L, -755322252L, 
1049923145L, -678463523L, -598055723L, -714880110L, -1373968474L, 
1276102824L, 2027221757L, -510221511L, -1283256082L, -218911093L, 
-1617539289L, 487511350L, -1346198296L, 685761545L, -1236647372L, 
1667051052L, -119295246L, -2083632365L, -1480450972L, -92920966L, 
-504153062L, -1382729893L, -1501233241L, -684380803L, -2045859046L, 
1521044947L, -389543275L, 2036992776L, 486728231L, -1740338744L, 
1877407919L, 1881010795L, -1894243734L, 529308652L, 1454835903L, 
-873529504L, 1882486469L, 924814404L, -1067087714L, -1634092991L, 
1519253320L, 1323928400L, 1981610910L, 23842157L, -1368577251L, 
974731198L, 230680051L, -660374301L, 240338999L, 868646741L, 
1015835661L, 1279215551L, -922809755L, 2064996918L, 1651689071L, 
-724689154L, -2070803989L, -1610396048L, -762484955L, 1819578679L, 
-829652268L, -1444915915L, 1630510598L, 335317137L, -835213006L, 
-1103120421L, -761558414L, -397261737L, -1155939632L, 1648244220L, 
-338221L, -552977225L, 1442845920L, 1950035325L, -166945942L, 
-1518127808L, -1099985797L, -1899556472L, -2038096072L, -406541512L, 
-883867775L, -1848194396L, 966915077L, 352740791L, 2092121150L, 
577167990L, 448414960L, 32549954L, 1739296979L, 786835175L, -1823586265L, 
-17478904L, -1613873403L, -1019344906L, -2072370092L, -1661624126L, 
2012135914L, 2087842200L, 999271467L, -837433452L, 1647095009L, 
-1649731019L, -1609122001L, 903017187L, -245193740L, 46142410L, 
-623392203L, 925519516L, -1683163857L, -583483238L, 1276344979L, 
1747070130L, 2091886211L, -654763039L, -1246651052L, -44418909L, 
-1414764119L, -1778081239L, -1065095219L, 1955420800L, -1763748907L, 
-710833932L, -718994986L, 2119254602L, -424618561L, 288352216L, 
196818888L, -518422275L, 2005174251L, -1110640341L, 550768825L, 
-168404897L, 1948328942L, -1057988947L, -1874845852L, 1341714809L, 
-1914615836L, -1958316725L, 110523377L, 1856661307L, 366503638L, 
1689813003L, -879495010L, -2132478369L, -438968610L, 1409632953L, 
-600583894L, 2042067992L, -1831315770L, 398690390L, -946712769L, 
603059190L, 1062385255L, 2089832370L, -1172363700L, 1982287279L, 
